1.00000000 -0.00126000
0.99941610 -0.00134190
0.99766580 -0.00158700
0.99475320 -0.00199380
0.99068500 -0.00255950
0.98547090 -0.00328040
0.97912290 -0.00415190
0.97165590 -0.00516850
0.96308730 -0.00632380
0.95343720 -0.00761080
0.94272800 -0.00902170
0.93098490 -0.01054850
0.91823510 -0.01218230
0.90450850 -0.01391430
0.88983720 -0.01573510
0.87425540 -0.01763530
0.85779950 -0.01960510
0.84050790 -0.02163470
0.82242110 -0.02371420
0.80358130 -0.02583370
0.78403240 -0.02798280
0.76382020 -0.03015150
0.74299170 -0.03232940
0.72159580 -0.03450580
0.69968230 -0.03667000
0.67730250 -0.03881090
0.65450850 -0.04091740
0.63135370 -0.04297780
0.60789210 -0.04498020
0.58417860 -0.04691240
0.56026830 -0.04876190
0.53621740 -0.05051610
0.51208190 -0.05216200
0.48791810 -0.05368660
0.46378260 -0.05507690
0.43973170 -0.05632000
0.41582150 -0.05740330
0.39210790 -0.05831450
0.36864630 -0.05904190
0.34549150 -0.05957470
0.32269760 -0.05990280
0.30031770 -0.06001720
0.27840420 -0.05991020
0.25700830 -0.05957550
0.23617990 -0.05900810
0.21596760 -0.05820480
0.19641870 -0.05716400
0.17757890 -0.05588560
0.15949210 -0.05437150
0.14220050 -0.05262510
0.12574460 -0.05065130
0.11016280 -0.04845670
0.09549150 -0.04604890
0.08176490 -0.04343710
0.06901520 -0.04063100
0.05727200 -0.03764140
0.04656280 -0.03447920
0.03691270 -0.03115590
0.02834410 -0.02768270
0.02087710 -0.02407060
0.01452910 -0.02033000
0.00931490 -0.01647060
0.00524680 -0.01250110
0.00233420 -0.00842890
0.00058390 -0.00426030
0.00000000 0.00000000
 0.0005839 0.0042603
 0.0023342 0.0084289
 0.0052468 0.0125011
 0.0093149 0.0164706
 0.0145291 0.0203300
 0.0208771 0.0240706
 0.0283441 0.0276827
 0.0369127 0.0311559
 0.0465628 0.0344792
 0.0572720 0.0376414
 0.0690152 0.0406310
 0.0817649 0.0434371
 0.0954915 0.0460489
 0.1101628 0.0484567
 0.1257446 0.0506513
 0.1422005 0.0526251
 0.1594921 0.0543715
 0.1775789 0.0558856
 0.1964187 0.0571640
 0.2159676 0.0582048
 0.2361799 0.0590081
 0.2570083 0.0595755
 0.2784042 0.0599102
 0.3003177 0.0600172
 0.3226976 0.0599028
 0.3454915 0.0595747
 0.3686463 0.0590419
 0.3921079 0.0583145
 0.4158215 0.0574033
 0.4397317 0.0563200
 0.4637826 0.0550769
 0.4879181 0.0536866
 0.5120819 0.0521620
 0.5362174 0.0505161
 0.5602683 0.0487619
 0.5841786 0.0469124
 0.6078921 0.0449802
 0.6313537 0.0429778
 0.6545085 0.0409174
 0.6773025 0.0388109
 0.6996823 0.0366700
 0.7215958 0.0345058
 0.7429917 0.0323294
 0.7638202 0.0301515
 0.7840324 0.0279828
 0.8035813 0.0258337
 0.8224211 0.0237142
 0.8405079 0.0216347
 0.8577995 0.0196051
 0.8742554 0.0176353
 0.8898372 0.0157351
 0.9045085 0.0139143
 0.9182351 0.0121823
 0.9309849 0.0105485
 0.9427280 0.0090217
 0.9534372 0.0076108
 0.9630873 0.0063238
 0.9716559 0.0051685
 0.9791229 0.0041519
 0.9854709 0.0032804
 0.9906850 0.0025595
 0.9947532 0.0019938
 0.9976658 0.0015870
 0.9994161 0.0013419
 1.0000000 0.0012600